Cluster hypotheses: [3 1 0 0 3 0 1 0 0 2 0 3 1 1 3 0 0 0 0 3 0 1 3 1 3 3 0 3 3 0 0 0 1 3 1 0 1
 2 0 0 0 0 0 0 3 1 2 0 0 0 0 1 1 0 2 0 1 3 0 3 0 0 3 0 0 0 3 0 1 1 3 3 2 0
 1 0 1 1 3 3 0 0 3 1 1 0 2 3 1 1 0 0 0 0 0 3 1 0 2 0 0 3 3 0 0 1 0 3 3 0 0
 1 1 3 3 0 1 1 0 0 0 1 0 3 0 1 2 1 3 0 1 3 0 0 0 1 0 0 3 0 3 1 3 3 1 3 0 3
 1 0 0 0 2 1 3 0 0 1 0 3 0 3 3 1 1 0 2 3 3 1 3 2 1 0 0 0 0 0 1 0 0 3 0 3 0
 1 1 0 0 0 3 3 0 0 1 1 1 0 0 3] 
Cluster centroids: [[-0.44163191  6.23517791]
 [-1.68075067  2.91153498]
 [ 1.60358649  3.86804059]
 [ 2.07187892  0.97422926]] 
Iteration 0: [91, 48, 11, 50]

Cluster hypotheses: [3 0 3 1 3 2 0 3 2 2 3 3 0 0 3 2 2 2 1 3 1 1 3 0 3 3 2 3 3 2 2 2 0 3 0 2 0
 2 3 2 2 2 2 3 3 0 3 1 1 2 2 0 1 2 3 1 1 3 2 3 1 3 3 2 2 3 3 1 1 0 3 3 2 3
 0 2 0 1 3 3 2 2 3 3 0 3 2 3 0 0 2 2 1 3 2 3 0 1 3 3 2 3 3 1 2 0 3 3 3 3 2
 0 0 3 3 2 0 0 1 3 2 0 3 3 3 1 3 0 3 2 1 3 3 2 2 0 2 2 3 2 3 0 3 3 0 3 2 3
 1 1 2 1 3 0 3 3 1 0 2 3 1 3 3 1 0 2 3 3 3 1 3 3 1 2 1 2 2 2 0 1 3 3 3 3 3
 0 0 1 3 2 3 3 2 2 0 0 0 3 2 3] 
Cluster centroids: [[-1.63452724  2.71726897]
 [-1.88135961  5.92988053]
 [-0.17845874  6.6707042 ]
 [ 1.54457956  2.08826367]] 
Iteration 1: [36, 30, 53, 81]

Cluster hypotheses: [0 1 3 2 0 3 1 1 3 3 3 0 1 1 0 3 2 2 2 0 2 1 0 1 0 0 2 0 0 3 2 3 1 0 1 3 1
 3 3 2 2 2 2 3 0 1 3 2 2 3 2 1 1 2 3 2 1 0 2 0 2 3 0 3 2 3 0 2 1 1 0 0 3 1
 1 2 1 1 0 0 2 3 0 1 1 1 3 0 1 1 2 2 2 1 3 0 1 2 3 3 2 0 0 2 2 1 3 0 0 1 2
 1 1 0 0 3 1 1 2 1 2 1 3 0 1 1 3 1 0 3 1 0 1 2 2 1 2 2 0 2 0 1 0 0 1 0 3 0
 1 2 2 2 3 1 0 3 2 1 2 0 2 0 0 1 1 2 3 0 0 1 0 3 1 2 2 2 3 3 1 1 1 0 3 0 3
 1 1 2 3 2 0 0 3 2 1 1 1 3 2 0] 
Cluster centroids: [[ 2.07187892  0.97422926]
 [-1.3680595   3.0454947 ]
 [-1.32291862  7.67691229]
 [ 1.06320039  4.42785599]] 
Iteration 2: [50, 58, 51, 41]

Cluster hypotheses: [1 2 0 3 1 3 2 0 0 0 3 1 2 2 1 0 3 3 3 1 3 2 1 2 1 1 3 1 1 0 3 0 2 1 2 0 2
 0 3 3 3 3 3 0 1 2 0 3 3 0 3 2 2 3 0 3 2 1 3 1 3 0 1 0 3 3 1 3 2 2 1 1 0 3
 2 3 2 2 1 1 3 3 1 2 2 3 0 1 2 2 3 3 3 3 3 1 2 3 0 3 3 1 1 3 3 2 3 1 1 3 3
 2 2 1 1 0 2 2 3 0 3 2 3 1 0 2 0 2 1 0 2 1 2 3 3 2 3 3 1 3 1 2 1 1 2 1 0 1
 2 3 3 3 0 2 1 3 3 2 3 1 3 1 1 2 2 3 0 1 1 2 1 0 2 3 3 3 3 3 2 3 2 1 3 1 3
 2 2 3 3 3 1 1 0 3 2 2 2 0 3 1] 
Cluster centroids: [[ 1.26981708  4.17946204]
 [ 2.07187892  0.97422926]
 [-1.62401415  2.9159629 ]
 [-0.82886017  6.7986024 ]] 
Iteration 3: [29, 50, 50, 71]

Cluster hypotheses: [3 1 2 0 3 2 1 2 2 2 2 3 1 1 3 2 0 0 0 2 0 1 3 1 3 3 0 3 3 2 0 2 1 3 1 2 1
 2 2 0 0 0 0 2 3 1 2 0 0 2 0 1 1 0 2 0 1 3 2 3 0 2 3 2 0 2 3 0 1 1 3 3 2 2
 1 0 1 1 3 3 0 2 3 1 1 2 2 3 1 1 0 0 0 2 2 3 1 0 2 2 0 3 3 0 0 1 2 3 3 2 0
 1 1 3 3 2 1 1 0 2 0 1 2 3 2 1 2 1 3 2 1 3 1 0 0 1 0 0 3 0 3 1 3 3 1 3 2 3
 1 0 0 0 2 1 3 2 0 1 0 3 0 3 3 1 1 0 2 3 3 1 3 2 1 0 0 0 2 2 1 1 1 3 2 3 2
 1 1 0 2 0 3 3 2 0 1 1 1 2 0 2] 
Cluster centroids: [[-1.34842715  7.72096548]
 [-1.60306336  2.95086478]
 [ 0.96563696  4.26000044]
 [ 2.08956179  0.92942453]] 
Iteration 4: [50, 51, 51, 48]

Cluster hypotheses: [3 0 2 1 3 2 1 2 2 2 2 3 1 1 3 2 1 2 1 3 1 2 3 0 3 3 2 3 3 2 2 2 1 3 0 2 1
 2 2 1 2 2 2 2 3 1 2 1 1 2 2 0 1 2 2 1 1 3 2 3 1 2 3 2 1 2 3 1 1 1 3 3 2 2
 1 2 1 1 3 3 1 2 3 0 1 2 2 3 0 1 2 2 1 2 2 3 1 1 2 2 2 3 3 1 2 1 2 3 3 2 2
 1 1 3 3 2 0 1 2 2 1 0 2 3 2 1 2 1 3 2 1 3 2 2 2 1 2 1 3 2 3 1 3 3 0 3 2 3
 1 1 1 1 2 1 3 2 1 1 2 3 1 3 3 1 1 2 2 3 3 1 3 2 1 2 1 2 2 2 1 2 2 3 2 3 2
 1 1 1 2 2 3 3 2 2 1 1 1 2 2 3] 
Cluster centroids: [[-1.04249526  2.32585493]
 [-1.84060096  4.81438494]
 [ 0.25664092  5.44656651]
 [ 2.07187892  0.97422926]] 
Iteration 5: [9, 62, 79, 50]

Cluster hypotheses: [2 0 0 3 2 0 0 0 0 0 0 2 0 0 2 0 1 1 1 2 1 0 2 0 2 2 1 2 2 0 1 0 0 2 0 0 0
 0 0 1 1 1 1 0 2 0 0 3 1 0 1 0 0 1 2 1 0 2 0 2 3 0 2 0 1 0 2 3 0 0 2 2 0 0
 0 1 0 0 2 2 1 0 2 0 0 0 0 2 0 0 1 1 3 0 0 2 0 1 2 0 1 2 2 3 1 0 0 2 2 0 1
 0 0 2 2 0 2 0 1 0 1 0 0 2 0 0 0 0 2 0 0 2 0 1 1 0 1 1 2 1 2 0 2 2 2 2 0 2
 0 3 1 1 0 0 2 0 1 0 1 2 3 2 2 0 0 1 2 2 2 0 2 0 0 1 3 1 0 0 0 0 0 2 0 2 0
 0 0 3 0 1 2 2 0 1 0 0 0 0 1 2] 
Cluster centroids: [[-0.4209498   3.68669086]
 [-1.13325734  7.74713776]
 [ 1.95964455  1.12965223]
 [-2.20910637  7.61627635]] 
Iteration 6: [95, 40, 55, 10]

Cluster hypotheses: [1 2 2 3 1 2 2 2 2 2 2 0 2 2 0 2 3 3 3 1 3 2 0 2 0 1 3 1 1 2 3 2 2 0 2 2 2
 2 2 3 3 3 3 2 1 2 2 3 3 2 3 2 2 3 2 3 2 0 2 0 3 2 0 2 3 2 1 3 2 2 0 1 2 2
 2 3 2 2 0 0 3 2 0 1 2 2 2 0 2 1 3 3 3 2 2 1 2 3 2 2 3 1 0 3 3 2 2 0 0 2 3
 2 2 1 0 2 1 2 3 2 3 1 2 0 2 2 2 2 1 2 2 1 2 3 3 2 3 3 0 3 1 2 1 1 1 0 2 0
 3 3 3 3 2 2 1 2 3 2 3 1 3 0 0 2 2 3 2 1 0 2 1 2 2 3 3 3 2 2 2 2 2 0 2 1 2
 1 1 3 2 3 1 1 2 3 2 2 2 2 3 1] 
Cluster centroids: [[ 2.52234887  0.76215916]
 [ 0.95175078  1.34429994]
 [-0.24977405  3.76237336]
 [-1.3758171   7.65107553]] 
Iteration 7: [25, 32, 92, 51]

Cluster hypotheses: [1 0 0 3 1 0 0 0 0 0 0 1 2 2 1 0 3 3 3 0 3 0 1 0 1 1 3 1 1 0 3 0 0 1 0 0 0
 0 0 3 3 3 3 0 1 2 0 3 3 0 3 0 2 3 0 3 2 1 0 1 3 0 1 0 3 0 1 3 2 0 1 1 0 0
 2 3 0 2 1 1 3 0 1 0 2 0 0 1 0 0 3 3 3 0 0 1 2 3 0 0 3 1 1 3 3 0 0 1 1 0 3
 0 2 1 1 0 0 2 3 0 3 0 0 1 0 2 0 2 1 0 2 1 0 3 3 0 3 3 1 3 1 2 1 1 0 1 0 1
 2 3 3 3 0 2 1 0 3 0 3 1 3 1 1 0 0 3 0 1 1 2 1 0 2 3 3 3 0 0 0 0 0 1 0 1 0
 0 2 3 0 3 1 1 0 3 2 2 0 0 3 1] 
Cluster centroids: [[ 0.17942235  3.77515356]
 [ 2.08276355  0.95240328]
 [-2.09826685  3.09725067]
 [-1.34842715  7.72096548]] 
Iteration 8: [78, 49, 23, 50]

Cluster hypotheses: [2 2 2 1 2 0 0 2 0 2 2 2 0 0 2 0 1 1 0 2 0 0 2 0 2 2 0 2 2 2 0 0 0 2 0 0 0
 2 0 1 0 0 0 2 2 0 2 1 0 0 1 2 0 1 2 0 0 2 0 2 1 2 2 0 0 0 2 1 0 0 2 2 2 2
 0 0 0 0 2 2 1 0 2 2 0 0 2 2 2 2 0 1 1 0 0 2 0 0 2 0 0 2 2 0 0 0 0 2 2 2 3
 0 0 2 2 0 2 0 0 2 1 2 0 2 2 0 2 0 2 0 0 2 2 0 0 0 0 3 2 0 2 0 2 2 2 2 0 2
 0 1 1 0 2 0 2 0 1 2 0 2 1 2 2 0 0 0 2 2 2 0 2 2 0 0 1 0 0 0 0 0 2 2 0 2 2
 2 0 0 0 0 2 2 0 0 0 0 0 2 0 2] 
Cluster centroids: [[-0.84246882  4.97326418]
 [-1.83487111  7.93153944]
 [ 1.36979527  1.94313278]
 [-1.50075915  9.0103423 ]] 
Iteration 9: [95, 18, 85, 2]

